基本地圖 15 4
0 起點 0
1 行雲莊 1 0 2000 500 1000 3000 5000
2 藝術學院 1 0 700 200 500 1000 3000
3 向晴莊 1 0 750 200 600 1200 3200
4 迎曦莊 1 0 2000 500 1000 3000 5000
5 沁月莊 1 0 2000 500 1000 3000 5000
6 命運 -1
7 東湖 1 0 2000 500 1000 3000 5000
8 體育館 1 0 2000 500 1000 3000 5000
9 理工學院 1 0 2000 500 1000 3000 5000
10 集賢館 1 0 2000 500 1000 3000 5000
11 游泳池 1 0 2000 500 1000 3000 5000
12 學人宿舍 1 0 2000 500 1000 3000 5000
13 含星莊 1 0 2000 500 1000 3000 5000
14 環頸雉 1 0 2000 500 1000 3000 5000
15 環境學院 1 0 2000 500 1000 3000 5000
16 機會 -2
17 花師 1 0 2000 500 1000 3000 5000
18 行政大樓 1 0 2000 500 1000 3000 5000
19 管理學院 1 0 2000 500 1000 3000 5000
20 原民院 1 0 2000 500 1000 3000 5000
21 華胡 1 0 2000 500 1000 3000 5000
22 人社學院 1 0 2000 500 1000 3000 5000
23 湖畔餐廳 1 0 2000 500 1000 3000 5000
24 擷雲莊 1 0 2000 500 1000 3000 5000
25 圖書館 1 0 2000 500 1000 3000 5000
26 仰山莊 1 0 2000 500 1000 3000 5000
27 多容館 1 0 2000 500 1000 3000 5000
playerstate 1
0 0 26 5900 0 0 1 0 0 0 0 0 0 12 0 18 0 24 0 26 1
1 1 20 27200 0 0 0 0 0 0 0 0 0 4 0 5 1 8 2 9 0 13 2 14 0 15 2 19 0 20 2 22 0 25 1 27 1
3 3 3 13150 0 0 1 0 0 0 0 0 0 3 1
