基本地圖 10 1
0 起點 0
1 行雲莊 1 -1 0 1 -858993460 0 0 0 0
1  1 -1 0 0 -858993460 0 0 0 0
1  1 -1 0 0 -858993460 0 0 0 0
1  1 -1 0 0 -858993460 0 0 0 0
1  1 -1 0 0 -858993460 0 0 0 0
1  1 -1 0 0 -858993460 0 0 0 0
1  1 -1 0 0 -858993460 0 0 0 0
1  1 -1 0 0 -858993460 0 0 0 0
1  1 -1 0 0 -858993460 0 0 0 0
1  1 -1 0 0 -858993460 0 0 0 0
1  1 -1 0 0 -858993460 0 0 0 0
1  1 -1 0 0 -858993460 0 0 0 0
1  1 -1 0 0 -858993460 0 0 0 0
1  1 -1 0 0 -858993460 0 0 0 0
1  1 -1 0 0 -858993460 0 0 0 0
1  1 -1 0 0 -858993460 0 0 0 0
1  1 -1 0 0 -858993460 0 0 0 0
1  1 -1 0 0 -858993460 0 0 0 0
1  1 -1 0 0 -858993460 0 0 0 0
1  1 -1 0 0 -858993460 0 0 0 0
1  1 -1 0 0 -858993460 0 0 0 0
1  1 -1 0 0 -858993460 0 0 0 0
1  1 -1 0 0 -858993460 0 0 0 0
1  1 -1 0 0 -858993460 0 0 0 0
1  1 -1 0 0 -858993460 0 0 0 0
1  1 -1 0 0 -858993460 0 0 0 0
1  1 -1 0 0 -858993460 0 0 0 0
playerstate0
-858993460 0 0 30000 0 0 000
