test 3 4
0 起點 0
1 屏東 1 0 50 100 200 300 400
2 高雄 1 0 50 100 200 300 400
3 加州 1 0 50 100 200 300 400
4 矽谷 1 0 50 100 200 300 400
5 柏林 1 0 50 100 200 300 400
6 伯恩 1 0 50 100 200 300 400
7 蘇黎世 1 0 50 100 200 300 400
8 中山公園 1 0 50 100 200 300 400
9 駁二 1 0 50 100 200 300 400
10 博物館 1 0 50 100 200 300 400
11 動物園 1 0 50 100 200 300 400
12 科教館 1 0 50 100 200 300 400
13 倫敦 1 0 50 100 200 300 400
14 紅海 1 0 50 100 200 300 400
15 絲路 1 0 50 100 200 300 400
16 卡卡島 1 0 50 100 200 300 400
17 東海 1 0 50 100 200 300 400
18 空島 1 0 50 100 200 300 400
19 黑暗大陸 1 0 50 100 200 300 400
20 米花村 1 0 50 100 200 300 400
21 草莓田 1 0 50 100 200 300 400
22 葛飾署 1 0 50 100 200 300 400
23 大阪 1 0 50 100 200 300 400
24 首爾 1 0 50 100 200 300 400
25 台灣海峽 1 0 50 100 200 300 400
26 莫斯科 1 0 50 100 200 300 400
27 沙哈拉 1 0 50 100 200 300 400
playerstate 2
0 3 0 11 -250 0 0 1 1 1 1 10000 0 0 1 1 1
1 3 1 0 31600 0 0 1 1 1 1 10000 0 0 1 0 1 7 2 8 2 9 2 10 2 11 2 12 2 13 2 14 2 15 2 16 2 17 2 18 2 19 2 20 2 21 3 22 2 23 2 24 2 25 2 26 3 27 2
2 3 1 2 950 0 0 1 1 1 1 10000 0 0 0 0 1 2 0
3 3 0 22 -200 0 0 1 1 1 1 10000 0 0 0 0 0
1099 898 1079 1 0 0 0 0 0 
